size = 101
angle
0.00
0.41
0.82
1.24
1.65
2.06
2.47
2.89
3.30
3.71
4.12
4.54
4.95
5.36
5.77
6.19
6.60
7.01
7.42
7.84
8.25
8.66
9.07
9.49
9.90
10.31
10.72
11.13
11.55
11.96
12.37
12.78
13.20
13.61
14.02
14.43
14.85
15.26
15.67
16.08
16.50
16.91
17.32
17.73
18.15
18.56
18.97
19.38
19.79
20.21
20.62
21.03
21.44
21.86
22.27
22.68
23.09
23.51
23.92
24.33
24.74
25.16
25.57
25.98
26.39
26.81
27.22
27.63
28.04
28.46
28.87
29.28
29.69
30.10
30.52
30.93
31.34
31.75
32.17
32.58
32.99
33.40
33.82
34.23
34.64
35.05
35.47
35.88
36.29
36.70
37.12
37.53
37.94
38.35
38.76
39.18
39.59
40.00
40.41
40.83
41.24

radius
0.00
0.04
0.08
0.11
0.15
0.19
0.23
0.27
0.30
0.34
0.38
0.42
0.46
0.49
0.53
0.57
0.61
0.65
0.68
0.72
0.76
0.80
0.84
0.87
0.91
0.95
0.99
1.03
1.07
1.10
1.14
1.18
1.22
1.26
1.30
1.33
1.37
1.41
1.45
1.49
1.53
1.57
1.60
1.64
1.68
1.72
1.76
1.80
1.84
1.88
1.92
1.96
2.00
2.04
2.07
2.11
2.15
2.19
2.23
2.27
2.31
2.35
2.39
2.43
2.47
2.51
2.55
2.59
2.64
2.68
2.72
2.76
2.80
2.84
2.88
2.92
2.96
3.00
3.05
3.09
3.13
3.17
3.21
3.26
3.30
3.34
3.38
3.43
3.47
3.51
3.56
3.60
3.64
3.69
3.73
3.78
3.82
3.87
3.91
3.95
4.00
