size  = 101
angle
0.00 
0.74 
1.48 
2.22 
2.95 
3.69 
4.43 
5.17 
5.91 
6.65 
7.39 
8.13 
8.86 
9.60 
10.34 
11.08 
11.82 
12.56 
13.30 
14.04 
14.77 
15.51 
16.25 
16.99 
17.73 
18.47 
19.21 
19.95 
20.68 
21.42 
22.16 
22.90 
23.64 
24.38 
25.12 
25.85 
26.59 
27.33 
28.07 
28.81 
29.55 
30.29 
31.03 
31.76 
32.50 
33.24 
33.98 
34.72 
35.46 
36.20 
36.94 
37.67 
38.41 
39.15 
39.89 
40.63 
41.37 
42.11 
42.85 
43.58 
44.32 
45.06 
45.80 
46.54 
47.28 
48.02 
48.76 
49.49 
50.23 
50.97 
51.71 
52.45 
53.19 
53.93 
54.66 
55.40 
56.14 
56.88 
57.62 
58.36 
59.10 
59.84 
60.57 
61.31 
62.05 
62.79 
63.53 
64.27 
65.01 
65.75 
66.48 
67.22 
67.96 
68.70 
69.44 
70.18 
70.92 
71.66 
72.39 
73.13 
73.87 

radius
0.00 
0.05 
0.10 
0.14 
0.19 
0.24 
0.29 
0.33 
0.38 
0.43 
0.48 
0.52 
0.57 
0.62 
0.67 
0.71 
0.76 
0.81 
0.86 
0.90 
0.95 
1.00 
1.04 
1.09 
1.14 
1.18 
1.23 
1.28 
1.32 
1.37 
1.42 
1.46 
1.51 
1.55 
1.60 
1.65 
1.69 
1.74 
1.78 
1.83 
1.87 
1.92 
1.96 
2.00 
2.05 
2.09 
2.14 
2.18 
2.22 
2.27 
2.31 
2.35 
2.39 
2.44 
2.48 
2.52 
2.56 
2.60 
2.64 
2.68 
2.72 
2.76 
2.80 
2.84 
2.88 
2.92 
2.96 
3.00 
3.03 
3.07 
3.11 
3.14 
3.18 
3.21 
3.25 
3.29 
3.32 
3.35 
3.39 
3.42 
3.45 
3.49 
3.52 
3.55 
3.58 
3.61 
3.64 
3.67 
3.70 
3.73 
3.75 
3.78 
3.81 
3.83 
3.86 
3.88 
3.91 
3.93 
3.95 
3.98 
4.00 
