size = 101
angle
0.00
0.19
0.38
0.57
0.76
0.95
1.14
1.33
1.52
1.71
1.90
2.09
2.28
2.47
2.66
2.85
3.04
3.23
3.42
3.61
3.80
3.99
4.18
4.37
4.56
4.75
4.94
5.13
5.33
5.52
5.71
5.90
6.09
6.28
6.47
6.66
6.85
7.04
7.23
7.42
7.61
7.80
7.99
8.18
8.37
8.56
8.75
8.94
9.13
9.32
9.51
9.70
9.89
10.08
10.27
10.46
10.65
10.84
11.03
11.22
11.41
11.60
11.79
11.98
12.17
12.36
12.55
12.74
12.93
13.12
13.31
13.50
13.69
13.88
14.07
14.26
14.45
14.64
14.83
15.02
15.21
15.40
15.59
15.79
15.98
16.17
16.36
16.55
16.74
16.93
17.12
17.31
17.50
17.69
17.88
18.07
18.26
18.45
18.64
18.83
19.02

radius
0.0
0.04
0.08
0.11
0.15
0.19
0.23
0.26
0.30
0.34
0.38
0.41
0.45
0.49
0.53
0.57
0.60
0.64
0.68
0.72
0.75
0.79
0.83
0.87
0.91
0.94
0.98
1.02
1.06
1.10
1.13
1.17
1.21
1.25
1.29
1.33
1.36
1.40
1.44
1.48
1.52
1.56
1.60
1.63
1.67
1.71
1.75
1.79
1.83
1.87
1.91
1.95
1.99
2.02
2.06
2.10
2.14
2.18
2.22
2.26
2.30
2.34
2.38
2.42
2.46
2.50
2.54
2.58
2.62
2.66
2.70
2.74
2.79
2.83
2.87
2.91
2.95
2.99
3.03
3.08
3.12
3.16
3.20
3.24
3.29
3.33
3.37
3.42
3.46
3.50
3.55
3.59
3.63
3.68
3.72
3.77
3.81
3.85
3.90
3.94
3.99
